USER: money=1112,hp=100.000000,hp_max=100.000000
WORLD: 1
TOWERS:
NormalTower[x=400,y=480]
NormalTower[x=160,y=640]
SniperTower[x=240,y=160]
MachineGunTower[x=400,y=160]
MachineGunTower[x=960,y=240]
SniperTower[x=960,y=480]
SniperTower[x=640,y=560]
GAME PROGRESS:
COMPLETED
